R1 = 17*10^3;
R2 = 2.5*10^3;
R3 = 3.5*10^3;
R4 = 6.5*10^3;
R5 = 2*10^3;
R6 = 4.5*10^3;
R7 = 2.5*10^3;
R8 = 12*10^3;
R9 = 17.5*10^3;
R10 = 2.5*10^3;

U = 8.526315789473699
%fel:
%R_tot = R10 + ((R4 + ((R7*(R8 + R3))/(R7+R3+ R8)) + (((R2+R5)*R6)/(R2 + R5 + R6)))*R9)/((R4 + ((R7*(R8+R3))/(R7+R3+R8)) + (((R2+R5)*R6)/(R2 + R5 + R6)))+R9)

%rätt:
R_tot_ny = R10 + (R9*(R4 + R3*R7/(R3+R7) + ((R2+R5)*R6)/(R2 + R5+ R6))/(R9 + R4 + (R3*R7)/(R3 + R7) + (R2 + R5)*R6/(R2 + R5 + R6)))

U/R_tot_ny = I

