R1 = 93;
R2 = 1.89*10^6;
R3 = 4.026*10^6;
R4 = 150;
RG = 1*10^6;
RD = 510;
RS = 2*10^3;
RL = 2*10^3;
UBE1 = 0.7;
UBE2 = 0.7;
UCE2 = -9.3;
IC2 = -11*10^(-3);
IE2 = 99/100*IC2;
E = 12;
UP = 3;
IDSS = -10*10^(-3);

A= [-R4 0 0 0;0 0 -R2 0;-R4 -R3 -R2 0;-R4 0 0 -1];
B = [E+IE2*R1+UCE2;...
    IE2*R1+UBE1+UBE2;...
    UCE2+IE2*R1;...
    E+UBE2+IE2*R1];

%[I2 I3 I4 Uce1]
X = A\B;
I2 = X(1);
I3 = X(2);
I4 = X(3)
UCE1 = X(4)

IB1 = I4-I3;
IE1 = IC2/100;
ICQ1 = IB1+IE1

