A=[ 1  1 -1  0  0  0  0
    5  2  0 -1  0  0  0
    2 -1  0  0  1  0  0
    1  1  0  0  0  1  0
   -1  3  0  0  0  0  1 ]; 

b=[ 3 
   10 
   10 
    7 
    9 ];

c=[ 10  2  0  0  0  0  0 ]; 

basindex=[ 1   2   3   5   6 ]; 
