A=[ 1  2  3  1  0  0
    2  1  2  0  1  0
    3  3  4  0  0  1 ]; 

b=[10 
    6 
   13 ];

c=[  6  4  7  0  0  0 ]; 

basindex = [4 5 6];
