%% Tenta 2015-10-21

% 1

F = [1 1; 0 1];
P0 = eye(2);
Q = eye(2);

